3035766404974664711,1
3035766404974664712,101
3035766404974664714,11
3035766404974664717,100
3035766404974664721,1
3035766404974664726,10
3035766404974664738,110
3035766404974664745,10
3035766404974664753,110
3035766404974664762,11
3035766404974664772,11
3035766404974664783,100
3035766404974664795,10
3035766404974664808,11
3035766404974664836,110
3035766404974664851,11
3035766404974664867,111
3035766404974664884,11
3035766404974664920,10
3035766404974664939,11
3035766404974664979,10
3035766404974665000,100
3035766404974665022,110
3035766404974665045,1
3035766404974665093,11
3035766404974665118,1
3035766404974665144,10
3035766404974665171,1
3035766404974665199,111
3035766404974665228,110
3035766404974665258,1
3035766404974665289,1
3035766404974665321,110
3035766404974665354,10
3035766404974665388,110
3035766404974665423,11
3035766404974665459,1
3035766404974665496,101
3035766404974665572,101
3035766404974665611,101
3035766404974665651,10
3035766404974665692,11
3035766404974665734,111
3035766404974665777,111
3035766404974665821,101
3035766404974665866,1
3035766404974665912,11
3035766404974666006,110
3035766404974666054,111
3035766404974666103,101
3035766404974666153,1
3035766404974666204,11
3035766404974666256,111
3035766404974666309,101
3035766404974666363,111
3035766404974666473,100
3035766404974666529,10
3035766404974666586,111
3035766404974666644,100
3035766404974666703,1
3035766404974666763,10
3035766404974666824,10
3035766404974666886,11
3035766404974666949,111
3035766404974667013,111
3035766404974667078,110
3035766404974667144,11
3035766404974667211,10
3035766404974667279,110
3035766404974667348,111
3035766404974667418,110
3035766404974667489,11
3035766404974667561,10
3035766404974667634,1
3035766404974667708,10
3035766404974667783,11
3035766404974667859,110
3035766404974667936,10
3035766404974668014,101
3035766404974668093,1
3035766404974668173,10
3035766404974668335,101
3035766404974668417,111
3035766404974668500,11
3035766404974668584,111
3035766404974668669,10
3035766404974668755,11
3035766404974668842,111
3035766404974668930,11
3035766404974669108,1
3035766404974669198,11
3035766404974669289,101
3035766404974669381,101
3035766404974669474,101
3035766404974669662,110
3035766404974669757,110
3035766404974669853,10
3035766404974669950,11
3035766404974670048,1
sfm511,101
3035766404974670248,110
3035766404974670349,110
3035766404974670451,1
3035766404974670554,111
3035766404974670658,110
3035766404974670763,101
3035766404974670975,111
3035766404974671296,11
3035766404974671404,111
3035766404974671513,1
3035766404974671623,1
3035766404974671734,11
3035766404974671846,101
3035766404974671959,11
3035766404974672073,1
3035766404974672188,111
3035766404974672304,110
3035766404974672538,101
3035766404974672656,110
3035766404974672775,110
3035766404974672895,10
3035766404974673016,101
3035766404974673138,111
3035766404974673261,11
3035766404974673385,111
3035766404974673635,110
3035766404974673761,10
3035766404974673888,100
3035766404974674016,11
3035766404974674145,110
3035766404974674275,11
3035766404974674406,101
3035766404974674538,10
3035766404974674671,11
3035766404974674805,100
3035766404974674940,1
3035766404974675076,111
3035766404974675213,10
3035766404974675489,11
3035766404974675628,1
3035766404974675768,111
3035766404974675909,1
3035766404974676193,110
3035766404974676336,110
3035766404974676480,110
3035766404974676625,111
3035766404974676771,110
3035766404974676918,111
3035766404974677066,1
3035766404974677364,10
3035766404974677514,100
3035766404974677665,100
3035766404974677817,111
3035766404974677970,110
3035766404974678124,101
3035766404974678279,100
3035766404974678435,110
3035766404974678749,11
3035766404974678907,110
3035766404974679066,100
3035766404974679226,101
3035766404974679387,111
3035766404974679549,11
3035766404974679875,110
3035766404974680039,10
3035766404974680204,100
3035766404974680536,11
3035766404974680703,11
3035766404974680871,110
3035766404974681040,10
3035766404974681210,1
3035766404974681381,1
3035766404974681553,1
3035766404974681726,101
3035766404974681900,100
3035766404974682075,1
3035766404974682251,100
3035766404974682428,1
3035766404974682606,11
3035766404974682785,111
3035766404974682965,110
3035766404974683327,111
3035766404974683509,10
3035766404974683692,10
3035766404974684060,11
3035766404974684245,111
3035766404974684431,11
3035766404974684618,1
3035766404974684806,111
3035766404974684995,11
3035766404974685185,1
3035766404974685376,1
3035766404974685568,100
3035766404974685954,11
3035766404974686148,110
3035766404974686343,101
3035766404974686931,111
3035766404974687128,1
3035766404974687326,1
3035766404974687525,111
3035766404974687925,110
3035766404974688126,1
3035766404974688328,110
3035766404974688531,1
3035766404974688735,100
3035766404974688940,110
3035766404974689146,10
3035766404974689353,100
3035766404974689769,110
3035766404974689978,1
3035766404974690188,100
3035766404974690399,10
3035766404974690823,100
3035766404974691036,111
3035766404974691250,110
3035766404974691465,1
3035766404974691681,111
3035766404974691898,101
3035766404974692116,110
3035766404974692335,100
3035766404974692555,101
3035766404974692997,11
3035766404974693219,11
3035766404974693442,11
3035766404974693666,101
3035766404974693891,1
3035766404974694117,1
3035766404974694344,1
3035766404974694572,11
3035766404974694801,10
3035766404974695031,11
3035766404974695262,111
3035766404974695494,11
3035766404974695960,101
3035766404974696194,1
3035766404974696429,100
3035766404974696665,10
3035766404974696902,101
3035766404974697140,11
3035766404974697379,101
3035766404974697619,100
3035766404974697860,111
3035766404974698102,10
3035766404974698345,101
3035766404974698589,11
3035766404974698834,10
3035766404974699080,1
3035766404974699327,111
3035766404974699575,10
3035766404974699824,11
3035766404974700074,111
3035766404974700325,10
3035766404974700577,10
3035766404974700830,100
3035766404974701084,101
3035766404974701594,1
3035766404974702106,111
3035766404974702363,110
3035766404974702621,11
3035766404974702880,111
3035766404974703140,1
3035766404974703401,11
3035766404974703663,111
3035766404974703926,111
3035766404974704454,110
3035766404974704719,101
3035766404974704985,10
3035766404974705252,1
3035766404974705520,101
3035766404974705789,1
3035766404974706059,1
3035766404974706330,100
3035766404974706602,111
3035766404974706875,111
3035766404974707149,10
3035766404974707424,101
3035766404974707700,110
3035766404974707977,10
3035766404974708255,101
3035766404974708534,10
3035766404974708814,11
3035766404974709095,100
3035766404974709377,101
3035766404974709660,101
3035766404974709944,100
3035766404974710229,101
3035766404974710515,101
3035766404974710802,11
3035766404974711090,1
3035766404974711379,1
3035766404974711959,101
3035766404974712250,1
3035766404974712542,11
3035766404974712835,111
3035766404974713129,110
3035766404974713424,11
3035766404974714016,111
3035766404974714313,10
3035766404974714611,11
3035766404974714910,10
3035766404974715210,100
3035766404974715812,110
3035766404974716114,11
3035766404974716417,1
3035766404974716721,111
3035766404974717026,111
3035766404974717332,111
3035766404974717639,100
3035766404974717947,110
3035766404974718256,101
3035766404974718566,101
3035766404974718877,111
3035766404974719189,110
3035766404974719502,101
3035766404974719816,110
3035766404974720446,110
3035766404974720762,101
3035766404974721079,10
3035766404974721397,101
3035766404974721716,10
3035766404974722036,111
3035766404974722357,110
3035766404974722679,100
3035766404974723002,110
3035766404974723326,110
3035766404974723651,11
3035766404974723977,1
3035766404974724304,101
3035766404974724632,1
3035766404974724961,11
3035766404974725291,10
3035766404974725622,11
3035766404974725954,11
3035766404974726287,1
3035766404974726955,110
3035766404974727290,110
3035766404974727626,10
3035766404974728300,101
3035766404974728638,101
3035766404974728977,110
3035766404974729317,10
3035766404974729658,101
3035766404974730000,11
3035766404974730343,111
3035766404974731031,11
3035766404974731376,10
3035766404974731722,111
3035766404974732069,10
3035766404974732417,11
3035766404974732766,10
3035766404974733116,100
3035766404974733467,1
3035766404974733819,111
3035766404974734172,10
3035766404974734880,101
3035766404974735235,101
3035766404974735591,1
3035766404974735948,110
3035766404974736306,10
3035766404974736665,111
3035766404974737025,10
3035766404974737386,100
3035766404974737748,1
3035766404974738111,101
3035766404974738475,100
3035766404974738840,100
3035766404974739206,11
3035766404974739573,11
3035766404974739941,110
3035766404974740679,10
3035766404974741049,101
3035766404974741791,101
3035766404974742163,100
3035766404974742536,100
3035766404974742910,1
3035766404974743285,100
3035766404974743661,100
3035766404974744415,110
3035766404974744793,1
3035766404974745172,101
3035766404974745552,10
3035766404974745933,10
3035766404974746315,11
3035766404974746698,1
3035766404974747082,110
3035766404974747467,11
3035766404974747853,110
3035766404974748240,11
3035766404974748628,1
3035766404974749017,100
3035766404974749407,110
3035766404974749798,1
3035766404974750190,10
3035766404974750583,1
3035766404974750977,100
3035766404974751372,110
3035766404974751768,101
3035766404974752165,100
3035766404974752563,11
3035766404974752962,10
3035766404974753362,100
3035766404974753763,110
3035766404974754165,101
3035766404974754568,11
3035766404974755780,101
3035766404974756185,110
3035766404974756591,1
3035766404974756998,11
3035766404974757406,101
3035766404974757815,1
3035766404974758225,11
3035766404974758636,100
3035766404974759048,101
3035766404974759874,110
3035766404974760288,110
3035766404974760703,101
3035766404974761119,11
3035766404974761536,111
3035766404974761954,10
3035766404974762792,10
3035766404974763212,11
3035766404974763633,100
3035766404974764055,1
3035766404974764478,101
3035766404974764902,1
3035766404974765752,101
3035766404974766178,11
3035766404974766605,1
3035766404974767033,10
3035766404974767462,110
3035766404974767892,101
3035766404974768323,101
3035766404974768755,100
3035766404974769188,110
3035766404974770490,1
3035766404974770925,1
3035766404974771361,110
3035766404974771798,11
3035766404974772236,11
3035766404974772675,111
3035766404974773115,101
3035766404974773556,11
3035766404974773998,11
3035766404974774441,10
3035766404974774885,11
3035766404974775330,110
3035766404974776222,10
3035766404974776669,11
3035766404974777117,10
3035766404974777566,111
3035766404974778016,101
3035766404974778918,110
3035766404974779822,101
3035766404974780728,110
3035766404974781182,101
3035766404974782092,101
3035766404974782548,10
3035766404974783005,101
3035766404974783463,110
3035766404974783922,10
3035766404974784382,10
3035766404974784843,11
3035766404974785767,1
3035766404974786693,100
3035766404974787157,10
3035766404974787622,100
3035766404974788088,101
3035766404974788555,1
3035766404974789023,110
3035766404974789492,1
3035766404974789962,1
3035766404974790433,110
3035766404974790905,111
3035766404974791378,100
3035766404974791852,111
3035766404974792327,10
3035766404974792803,10
3035766404974793280,110
3035766404974793758,10
3035766404974794237,101
3035766404974794717,11
3035766404974795679,1
3035766404974796161,111
3035766404974797127,101
3035766404974797611,10
3035766404974798096,100
3035766404974798582,110
3035766404974799556,110
3035766404974800044,1
3035766404974800533,110
3035766404974801023,110
3035766404974801514,100
3035766404974802006,101
3035766404974802499,111
3035766404974802993,111
3035766404974803488,100
3035766404974803984,101
3035766404974804481,10
3035766404974804979,10
3035766404974805478,11
3035766404974805978,11
3035766404974806479,101
3035766404974806981,10
3035766404974807987,110
3035766404974808491,10
3035766404974810006,100
3035766404974810512,101
3035766404974811526,11
3035766404974812034,10
3035766404974812543,111
3035766404974813563,11
3035766404974814074,101
3035766404974814586,11
3035766404974815099,1
3035766404974815613,111
3035766404974816128,1
3035766404974816644,101
3035766404974817161,101
3035766404974817679,10
3035766404974818198,111
3035766404974818718,100
3035766404974819239,111
3035766404974819761,111
3035766404974820284,101
3035766404974820808,10
3035766404974821333,100
3035766404974821859,11
3035766404974822386,111
3035766404974822914,10
3035766404974823443,10
3035766404974823973,110
3035766404974824504,11
3035766404974825036,111
3035766404974826102,1
3035766404974826636,1
3035766404974827171,101
3035766404974827707,100
3035766404974828244,1
3035766404974828782,110
3035766404974829321,101
3035766404974829861,10
3035766404974830943,11
3035766404974831485,111
3035766404974832028,101
3035766404974832572,111
3035766404974833117,101
3035766404974833663,101
3035766404974834210,100
3035766404974834758,111
3035766404974835307,1
3035766404974835857,111
3035766404974836408,11
3035766404974836960,110
3035766404974837513,110
3035766404974838621,100
3035766404974839176,10
3035766404974840288,101
3035766404974841402,111
3035766404974841960,1
3035766404974842519,100
3035766404974843079,110
3035766404974843640,10
3035766404974844202,101
3035766404974844765,11
3035766404974845329,10
3035766404974845894,111
3035766404974846460,111
3035766404974847027,11
3035766404974847595,10
3035766404974848164,110
3035766404974848734,110
3035766404974849876,10
3035766404974850448,111
3035766404974851021,111
3035766404974851595,101
3035766404974852170,10
3035766404974852746,1
3035766404974853323,11
3035766404974853901,100
3035766404974854480,110
3035766404974855640,101
3035766404974856221,110
3035766404974856803,11
3035766404974857386,110
3035766404974857970,100
3035766404974859140,101
3035766404974859726,110
3035766404974860313,1
3035766404974860901,101
3035766404974861490,100
3035766404974862080,1
3035766404974862671,1
3035766404974863263,110
3035766404974863856,101
3035766404974864450,10
3035766404974866830,100
3035766404974867426,111
3035766404974868620,1
3035766404974869218,1
3035766404974869817,110
3035766404974870417,100
3035766404974871018,10
3035766404974871620,10
3035766404974872223,10
3035766404974872827,101
3035766404974873432,1
3035766404974874038,110
3035766404974875252,1
3035766404974875860,10
3035766404974876469,11
3035766404974877079,101
3035766404974877690,101
3035766404974878302,111
3035766404974878915,110
3035766404974879529,101
3035766404974880144,110
3035766404974880760,110
3035766404974881377,11
3035766404974881995,10
3035766404974882614,110
3035766404974883234,11
3035766404974883855,101
3035766404974885099,110
3035766404974888837,1
3035766404974890085,101
3035766404974890710,11
3035766404974891962,1
3035766404974892589,110
3035766404974893217,10
3035766404974893846,100
3035766404974894476,1
3035766404974895107,101
3035766404974895739,10
3035766404974896372,1
3035766404974897006,100
3035766404974897641,111
3035766404974898277,101
3035766404974898914,11
3035766404974899552,1
3035766404974900191,110
3035766404974900831,1
3035766404974901472,10
3035766404974902114,10
3035766404974902757,100
3035766404974903401,101
3035766404974904046,11
3035766404974904692,111
3035766404974905339,11
3035766404974906635,1
3035766404974907284,10
3035766404974907934,100
3035766404974908585,110
3035766404974909237,111
3035766404974909890,101
3035766404974911198,11
3035766404974911853,10
3035766404974913165,100
3035766404974914479,100
3035766404974915137,110
3035766404974915796,1
3035766404974917116,100
3035766404974918438,101
3035766404974919100,10
3035766404974919763,11
3035766404974921091,10
3035766404974921756,100
3035766404974922422,11
3035766404974923089,110
3035766404974923757,100
3035766404974924426,101
3035766404974925096,110
3035766404974925767,11
3035766404974927111,11
3035766404974927784,100
3035766404974928458,110
3035766404974929133,111
3035766404974929809,1
3035766404974930486,11
3035766404974931164,10
3035766404974931843,110
3035766404974932523,1
3035766404974933204,111
3035766404974934568,101
3035766404974935251,110
3035766404974935935,100
3035766404974936620,100
3035766404974937306,10
3035766404974937993,100
3035766404974938681,11
3035766404974939370,1
3035766404974940060,11
3035766404974940751,111
3035766404974941443,111
3035766404974942136,100
3035766404974942830,1
3035766404974943525,11
3035766404974944221,110
3035766404974944918,101
3035766404974945616,1
3035766404974946315,110
3035766404974947015,111
3035766404974947716,1
3035766404974948418,111
3035766404974949121,111
3035766404974949825,111
3035766404974951235,10
3035766404974951941,101
3035766404974952648,110
3035766404974953356,1
3035766404974954065,110
3035766404974954775,101
3035766404974956197,111
3035766404974956909,100
3035766404974957622,11
3035766404974958336,110
3035766404974959051,110
3035766404974960483,11
3035766404974961200,110
3035766404974961918,11
3035766404974962637,111
3035766404974963357,1
3035766404974964078,110
3035766404974964800,110
3035766404974965523,1
3035766404974966247,11
3035766404974966972,10
3035766404974967698,110
3035766404974968425,1
3035766404974969153,11
3035766404974970611,1
3035766404974971341,1
3035766404974972072,1
3035766404974972804,110
3035766404974973537,10
3035766404974974271,100
3035766404974975006,110
3035766404974975742,1
3035766404974976479,1
3035766404974977217,10
3035766404974977956,101
3035766404974978696,101
3035766404974979437,1
3035766404974980179,110
3035766404974980922,110
3035766404974981666,101
3035766404974982411,10
3035766404974983157,1
3035766404974983904,111
3035766404974984652,100
3035766404974985401,1
3035766404974986151,111
3035766404974986902,11
3035766404974987654,10
3035766404974988407,100
3035766404974989161,110
3035766404974989916,100
3035766404974990672,111
3035766404974992186,101
3035766404974992944,100
3035766404974993703,101
3035766404974994463,110
3035766404974995985,111
3035766404974996747,10
3035766404974997510,101
3035766404974998274,1
3035766404974999039,110
3035766404974999805,100
3035766404975000572,1
3035766404975001340,111
3035766404975002109,1
3035766404975003649,110
3035766404975004420,100
3035766404975005192,111
3035766404975005965,101
3035766404975006739,110
3035766404975007514,111
3035766404975008290,111
3035766404975009844,100
3035766404975010622,1
3035766404975011401,110
3035766404975012961,10
3035766404975013742,11
3035766404975014524,110
3035766404975015307,10
3035766404975016091,110
3035766404975016876,11
3035766404975017662,111
3035766404975018449,10
3035766404975019237,1
3035766404975020026,101
3035766404975020816,110
3035766404975021607,101
3035766404975022399,10
3035766404975023192,10
3035766404975023986,111
3035766404975024781,100
3035766404975025577,1
3035766404975026374,100
3035766404975027172,1
3035766404975027971,101
3035766404975028771,11
3035766404975029572,100
3035766404975030374,111
3035766404975031177,110
3035766404975031981,111
3035766404975032786,111
3035766404975033592,10
3035766404975034399,10
3035766404975035207,110
3035766404975036825,100
3035766404975038445,11
3035766404975039256,100
3035766404975040068,100
3035766404975040881,101
3035766404975041695,110
3035766404975042510,1
3035766404975043326,111
3035766404975044143,111
3035766404975044961,111
3035766404975045780,111
3035766404975047420,100
3035766404975048241,11
3035766404975049063,100
3035766404975049886,100
3035766404975050710,111
3035766404975051535,111
3035766404975052361,111
3035766404975053188,1
3035766404975054016,110
3035766404975055674,100
3035766404975057334,111
3035766404975058165,101
3035766404975058997,10
3035766404975059830,101
3035766404975062332,1
3035766404975063167,101
3035766404975064003,111
3035766404975064840,11
3035766404975065678,11
3035766404975066517,11
3035766404975067357,101
3035766404975068198,101
3035766404975069040,1
3035766404975071569,1
3035766404975072413,10
3035766404975073258,101
3035766404975074104,11
3035766404975074951,10
3035766404975075799,110
3035766404975076648,101
3035766404975077498,111
3035766404975078349,110
3035766404975079201,11
3035766404975080054,110
3035766404975080908,100
3035766404975081763,110
3035766404975084331,100
3035766404975085188,100
3035766404975086046,1
3035766404975086905,1
3035766404975088625,111
3035766404975089486,101
3035766404975090348,100
3035766404975091211,101
3035766404975092075,11
3035766404975092940,11
3035766404975093806,100
3035766404975095540,11
3035766404975096408,100
3035766404975097277,11
3035766404975098147,101
3035766404975099018,1
3035766404975099890,11
3035766404975100763,10
3035766404975102511,100
3035766404975103386,101
3035766404975104262,1
3035766404975105139,100
3035766404975106017,10
3035766404975106896,100
3035766404975107776,100
3035766404975109538,1
3035766404975110420,10
3035766404975111303,11
3035766404975112187,101
3035766404975113072,110
3035766404975113958,110
3035766404975114845,1
3035766404975117509,100
3035766404975118398,111
3035766404975120178,1
3035766404975121069,101
3035766404975121961,1
3035766404975122854,10
3035766404975123748,10
3035766404975124643,111
3035766404975125539,111
3035766404975126436,100
3035766404975127334,10
3035766404975128233,111
3035766404975129133,1
3035766404975130034,111
3035766404975130936,111
3035766404975133645,1
3035766404975135453,10
3035766404975136358,100
3035766404975137264,111
3035766404975138171,10
3035766404975139079,110
3035766404975139988,101
3035766404975140898,10
3035766404975141809,101
3035766404975142721,1
3035766404975143634,101
3035766404975144548,10
3035766404975145463,100
3035766404975146379,11
3035766404975147296,1
3035766404975148214,10
3035766404975149133,1
3035766404975150053,11
3035766404975150974,110
3035766404975151896,10
3035766404975152819,100
3035766404975153743,11
3035766404975154668,101
3035766404975155594,110
3035766404975156521,10
3035766404975157449,1
3035766404975158378,110
3035766404975160238,100
3035766404975161169,1
3035766404975162101,100
3035766404975163034,11
3035766404975163968,110
3035766404975165838,110
3035766404975166774,101
3035766404975167711,1
3035766404975168649,10
3035766404975169588,100
3035766404975170528,111
3035766404975171469,1
3035766404975172411,111
3035766404975173354,10
3035766404975174298,100
3035766404975175243,100
3035766404975177135,11
3035766404975178082,10
3035766404975179030,110
3035766404975179979,101
3035766404975180929,100
3035766404975181880,101
3035766404975182832,110
3035766404975183785,110
3035766404975184739,100
3035766404975185694,10
3035766404975186650,101
3035766404975187607,111
3035766404975188565,110
3035766404975189524,11
3035766404975190484,101
3035766404975191445,10
3035766404975193369,101
3035766404975194332,100
3035766404975196260,1
3035766404975197225,11
3035766404975198191,11
3035766404975199158,111
3035766404975200126,100
3035766404975201095,10
3035766404975202065,100
3035766404975203036,100
3035766404975206924,11
3035766404975207897,11
3035766404975208871,110
3035766404975209846,110
3035766404975210822,11
3035766404975211799,111
3035766404975212777,10
3035766404975213756,111
3035766404975214736,101
3035766404975215717,10
3035766404975216699,100
3035766404975217682,100
3035766404975218666,11
3035766404975219651,110
3035766404975220637,111
3035766404975221624,10
3035766404975222612,110
3035766404975224590,111
3035766404975225580,1
3035766404975226571,1
3035766404975227563,11
3035766404975229549,111
3035766404975230543,111
3035766404975231538,11
3035766404975232534,111
3035766404975233531,1
3035766404975234529,11
3035766404975235528,110
